67890123456,Waldorf Osorio,F,00001,11-07-2007,6713.346,21,1409.802,5335.167,13458.315
67890123456,Waldorf Osorio,F,00002,11-07-2007,4634.267,10.5,486.598,1927.583,27,520.447,5403.589,21,1134.753,5853.977,19961.214
67890123456,Waldorf Osorio,F,00003,11-07-2007,3008.130,21,631.707,8590.199,27,2319.353,7553.436,21,1586.221,7492.534,31181.580
67890123456,Waldorf Osorio,F,00004,11-07-2007,1899.588,10.5,199.456,3032.764,5131.808
67890123456,Waldorf Osorio,F,00005,11-07-2007,9698.170,27,2618.505,7388.671,21,1551.620,2499.871,21,524.972,5845.734,30127.543
67890123456,Waldorf Osorio,F,00006,11-07-2007,10363.954,27,2798.267,2997.779,10.5,314.766,1058.695,21,222.325,7303.187,25058.973
67890123456,Waldorf Osorio,F,00007,11-07-2007,8857.531,27,2391.533,9663.924,20912.988
67890123456,Waldorf Osorio,F,00008,11-07-2007,3010.515,27,812.839,5778.433,21,1213.470,2309.442,10.5,242.491,6473.120,19840.310
67890123456,Waldorf Osorio,F,00009,11-07-2007,9151.592,10.5,960.917,5640.891,10.5,592.293,6110.371,27,1649.800,9147.599,33253.463
67890123456,Waldorf Osorio,F,00010,11-07-2007,8141.549,10.5,854.862,2445.653,11442.064
67890123456,Waldorf Osorio,F,00011,11-07-2007,8210.418,27,2216.812,10094.538,20521.768
67890123456,Waldorf Osorio,F,00012,11-07-2007,2706.177,27,730.667,4133.430,7570.274
67890123456,Waldorf Osorio,F,00013,11-07-2007,2927.325,27,790.377,941.515,21,197.718,10407.306,21,2185.534,915.531,18365.306
67890123456,Waldorf Osorio,F,00014,11-07-2007,9701.187,10.5,1018.624,4578.549,15298.360
67890123456,Waldorf Osorio,F,00015,11-07-2007,5162.290,10.5,542.040,6334.783,21,1330.304,6472.617,21,1359.249,1835.377,23036.660
67890123456,Waldorf Osorio,F,00016,11-07-2007,8517.950,21,1788.769,2036.842,12343.561
67890123456,Waldorf Osorio,F,00017,11-07-2007,4878.167,21,1024.415,1170.676,7073.258
67890123456,Waldorf Osorio,F,00018,11-07-2007,10301.281,27,2781.345,5783.909,18866.535
67890123456,Waldorf Osorio,F,00019,11-07-2007,2356.420,21,494.848,3735.933,6587.201
67890123456,Waldorf Osorio,F,00020,11-07-2007,7859.490,27,2122.062,9693.976,27,2617.373,10071.0,10.5,1057.455,8989.733,42411.089
67890123456,Waldorf Osorio,F,00021,11-07-2007,670.622,10.5,70.415,5442.750,6183.787
67890123456,Waldorf Osorio,F,00022,11-07-2007,5971.235,21,1253.959,1252.773,21,263.082,8033.794,10.5,843.548,9104.202,26722.593
67890123456,Waldorf Osorio,F,00023,11-07-2007,9806.951,10.5,1029.729,6007.434,16844.114
67890123456,Waldorf Osorio,F,00024,11-07-2007,4012.379,27,1083.342,8152.137,21,1711.948,778.107,27,210.088,4623.45,20571.451
67890123456,Waldorf Osorio,F,00025,11-07-2007,8037.953,27,2170.247,8000.727,10.5,840.076,1114.395,21,234.022,9528.166,29925.586
67890123456,Waldorf Osorio,F,00026,11-07-2007,852.874,10.5,89.551,9681.143,10623.568
67890123456,Waldorf Osorio,F,00027,11-07-2007,1359.847,27,367.158,4712.365,6439.370
67890123456,Waldorf Osorio,F,00028,11-07-2007,7860.458,21,1650.696,1729.216,10.5,181.567,4627.766,10.5,485.915,8875.928,25411.546
67890123456,Waldorf Osorio,F,00029,11-07-2007,2803.271,10.5,294.343,8858.103,21,1860.201,5119.37,21,1075.067,6676.318,26686.673
67890123456,Waldorf Osorio,F,00030,11-07-2007,2255.562,21,473.668,2873.88,5603.110
67890123456,Waldorf Osorio,F,00031,11-07-2007,-2255.562,21,-473.668,2873.88,2144.65
67890123456,Waldorf Osorio,F,00032,11-07-2007,8037.953,27,2170.247,8000.727,840.076,1114.395,21,234.022,9528.166,29925.586
67890123456,Waldorf Osorio,F,00033,11-07-2007,0.125,7.25,0.009,0.015,7.25,0.001,9754.952,7.25,707.234,45.80,10508.136
