01234567890,00004,F,05/09/2007,9853.81,4063.286,4559.465,1231.06
01234567890,00005,F,05/09/2007,9467.55,4215.701,4135.317,1116.54
01234567890,00006,F,05/09/2007,30617.3,2835.681,22588.9,5192.7
01234567890,00007,F,05/09/2007,19669.4,9133.775,8295.744,2239.85
01234567890,00008,F,05/09/2007,32160.5,5460.85,23367.8,3331.82
01234567890,00009,F,05/09/2007,10977.5,1338.926,8722.695,915.883
01234567890,00010,F,05/09/2007,13795.9,4113.767,7623.746,2058.41
01234567890,00011,F,05/09/2007,19535.5,8611.621,9027.974,1895.87
01234567890,00001,D,05/09/2007,25742.6,3310.871,19635.8,2795.91
01234567890,00012,F,05/09/2007,17979.2,8370.284,7941.219,1667.66
01234567890,00013,F,05/09/2007,27329.6,5472.138,18064,3793.44
01234567890,00014,F,05/09/2007,16824.2,3917.332,10437.1,2469.77
01234567890,00002,D,05/09/2007,25027.6,2133.350,19049,3845.29
01234567890,00015,F,05/09/2007,19174.4,8719.747,8231.982,2222.64
01234567890,00016,F,05/09/2007,16558.9,8003.90,6736.212,1818.78
01234567890,00017,F,05/09/2007,12618.6,9423.443,2891.539,303.612
01234567890,00018,F,05/09/2007,23471.8,8108.77,12194.4,3168.62
01234567890,00019,F,05/09/2007,23767.4,4627.778,15070.6,4069.06
01234567890,00020,F,05/09/2007,30013.9,3765.453,23009.8,3238.69
01234567890,00021,F,05/09/2007,10568.5,2570.116,6610.227,1388.15
01234567890,00013,C,05/09/2007,10150,6948.305,2897.472,304.235
01234567890,00022,F,05/09/2007,8553.62,7230.363,1197.519,125.739
01234567890,00023,F,05/09/2007,5207.73,2291.734,2638.911,277.086
01234567890,00024,F,05/09/2007,17521.6,1571.161,13648,2302.42
01234567890,00025,F,05/09/2007,3731.1,1839.162,1489.716,402.223
01234567890,00014,C,05/09/2007,31484.1,2327.902,23580.3,5575.84
01234567890,00026,F,05/09/2007,11620.4,1157.565,9468.6,994.203
01234567890,00027,F,05/09/2007,31631.9,5663.468,20784,5184.44
01234567890,00028,F,05/09/2007,31631.9,5663.468,20784,5184.44
