11111111111,00001,F,11/09/2007,9920.61,7290.148,2071.232,559.233
11111111111,00002,F,11/09/2007,5913.38,624.287,4371.155,917.943
11111111111,00003,F,11/09/2007,8641.84,1743.68,5700.956,1197.2
11111111111,00004,F,11/09/2007,19896.7,10360.214,8630.290,906.18
11111111111,00001,D,11/09/2007,7300.44,1527.472,4545.646,1227.32
11111111111,00005,F,11/09/2007,11234.5,3918.642,6620.71,695.175
11111111111,00006,F,11/09/2007,10288.6,9442.930,698.89,146.767
11111111111,00007,F,11/09/2007,8664.58,7901.452,600.886,162.239
11111111111,00008,F,11/09/2007,20131.8,8963.185,9230.249,1938.35
11111111111,00009,F,11/09/2007,4151.28,2856.307,1070.229,224.748
11111111111,00010,F,11/09/2007,8961.58,551.856,6621.826,1787.89
11111111111,00011,F,11/09/2007,14677.4,3579.337,10043.480,1054.57
11111111111,00012,F,11/09/2007,13680.4,4608.192,7143.465,1928.74
11111111111,00013,F,11/09/2007,11932.7,7559.714,3443.32,929.696
11111111111,00014,F,11/09/2007,13382.9,4891.922,7017.352,1473.64
11111111111,00015,F,11/09/2007,7445.84,5328.527,1916.116,201.192
11111111111,00016,F,11/09/2007,17774.6,10310.460,5877.299,1586.87
33333333333,00001,F,11/09/2007,33487,7062.98,23913.1,2510.88
33333333333,00002,F,11/09/2007,7390.68,2047.155,4835.771,507.756
33333333333,00003,F,11/09/2007,10672.5,828.94,8135.170,1708.39
33333333333,00004,F,11/09/2007,31186.3,9512.959,19200.8,2472.58
33333333333,00005,F,11/09/2007,10968.3,2358.947,7684.13,925.198
33333333333,00006,F,11/09/2007,21384,8362.173,10253.397,2768.42
33333333333,00001,D,11/09/2007,13155.2,4190.946,7408.458,1555.78
33333333333,00007,F,11/09/2007,13795.5,10141.760,3306.519,347.184
33333333333,00008,F,11/09/2007,37384,8568.471,23374.3,5441.25
33333333333,00009,F,11/09/2007,8414.65,3668.120,3737.425,1009.1
33333333333,00010,F,11/09/2007,19304.5,7835.779,10378.912,1089.79
33333333333,00011,F,11/09/2007,6023.82,660.155,4223.357,1140.31
33333333333,00012,F,11/09/2007,20992.4,9964.146,8683.676,2344.59
33333333333,00002,D,11/09/2007,11462.3,9925.473,1390.785,146.032
33333333333,00013,F,11/09/2007,39423.6,9903.760,25732.4,3787.48
33333333333,00014,F,11/09/2007,9018.79,4216.499,3781.33,1020.96
33333333333,00015,F,11/09/2007,13115.1,4819.953,7506.914,788.226
33333333333,00016,F,11/09/2007,6498.94,5020.881,1337.614,140.449
33333333333,00017,F,11/09/2007,34908.1,8001.348,22237,4669.77
33333333333,00001,C,11/09/2007,4715.13,2470.960,2030.925,213.247
33333333333,00018,F,11/09/2007,13912.9,8547.328,4224.86,1140.71
33333333333,00019,F,11/09/2007,13281.2,2557.147,8862.843,1861.2
33333333333,00020,F,11/09/2007,31915.8,9937.496,18152.3,3826.06
45678901234,00001,F,10/10/2007,28429.2,3890.564,21258,3280.64
45678901234,00002,F,10/10/2007,15216.3,3699.538,9068.30,2448.44
45678901234,00003,F,10/10/2007,26505.7,2643.756,20036.4,3825.51
45678901234,00004,F,10/10/2007,15500.5,4246.887,9368.22,1885.37
45678901234,00005,F,10/10/2007,7838.69,7014.190,746.158,78.3466
45678901234,00006,F,10/10/2007,13735.9,2426.97,9042.91,2265.99
45678901234,00007,F,10/10/2007,10333.3,8836.941,1178.206,318.116
45678901234,00008,F,10/10/2007,37115.9,6577.650,26952.1,3586.1
45678901234,00009,F,10/10/2007,20634.6,587.362,17904.4,2142.86
45678901234,00010,F,10/10/2007,30188.8,10431.346,15654.8,4102.57
45678901234,00011,F,10/10/2007,7835.53,4316.161,3184.951,334.42
45678901234,00012,F,10/10/2007,25869.7,9955.149,13152.5,2762.03
45678901234,00013,F,10/10/2007,30752.3,6423.619,20188.9,4139.75
45678901234,00014,F,10/10/2007,10939.6,9618.502,1091.812,229.281
45678901234,00015,F,10/10/2007,12382.8,668.969,9223.455,2490.33
45678901234,00016,F,10/10/2007,14675.3,9863.960,3788.432,1022.88
45678901234,00017,F,10/10/2007,20822.7,8920.23,9836.780,2065.72
45678901234,00018,F,10/10/2007,10313.4,1842.265,7666.197,804.951
45678901234,00019,F,10/10/2007,16774,7904.52,7330.131,1539.33
45678901234,00020,F,10/10/2007,8869.34,3011.423,4612.532,1245.38
45678901234,00021,F,10/10/2007,15109.2,8077.427,5811.398,1220.39
45678901234,00022,F,10/10/2007,33508.9,7067.606,20819.9,5621.38
45678901234,00023,F,10/10/2007,12200.3,9273.518,2304.571,622.234
78901234567,00001,F,01/09/2007,13532.3,6001.818,6223.509,1306.94
78901234567,00002,F,01/09/2007,18787.7,8941.623,8910.503,935.603
78901234567,00003,F,01/09/2007,10363.3,971.776,8499.130,892.409
78901234567,00004,F,01/09/2007,31631.5,8233.12,18667.2,4731.18
78901234567,00005,F,01/09/2007,24255.6,5206.126,16192.7,2856.78
78901234567,12459,C,01/09/2007,13094.1,4438.162,7153.653,1502.27
78901234567,00006,F,01/09/2007,11132.2,1897.418,8357.245,877.511
78901234567,00007,F,01/09/2007,6313.69,5491.574,679.433,142.681
78901234567,00008,F,01/09/2007,10620.7,2552.138,6353.178,1715.36
78901234567,00009,F,01/09/2007,13283.3,7886.976,4883.562,512.774
78901234567,00010,F,01/09/2007,16010.5,7118.905,7348.428,1543.17
78901234567,00001,D,01/09/2007,7387.69,3111.778,3366.86,909.052
78901234567,00011,F,01/09/2007,20368.9,862.996,15602.3,3903.6
78901234567,00012,F,01/09/2007,10279,8884.767,1152.232,241.969
78901234567,00013,F,01/09/2007,19346.1,6409.436,10186.340,2750.31
78901234567,00014,F,01/09/2007,15055.4,5508.98,8639.278,907.124
78901234567,00015,F,01/09/2007,7899.13,4254.739,3011.892,632.497
78901234567,00002,D,01/09/2007,11768.8,6053.236,4723.580,991.952
78901234567,00016,F,01/09/2007,12020.9,1457.552,8317.6,2245.75
78901234567,00017,F,01/09/2007,19607.3,7083.487,10409,2114.78
78901234567,00018,F,01/09/2007,29056.8,4336.273,21002,3718.49
78901234567,00019,F,01/09/2007,25190.9,4938.123,17755.1,2497.69
78901234567,00020,F,01/09/2007,8441.39,4476.7,3276.603,688.087
78901234567,12460,C,01/09/2007,24906,6422.61,15711.8,2771.58
78901234567,00021,F,01/09/2007,25693.5,10110.705,13099,2483.82
78901234567,00022,F,01/09/2007,34019.2,6509.391,22645.6,4864.21
78901234567,00023,F,01/09/2007,19862.3,4965.701,11729.6,3167
78901234567,00024,F,01/09/2007,8989.97,7724.237,996.643,269.094
