67890123456,99982,F,11/07/2007,13458.3,5335.167,6713.346,1409.8
67890123456,99983,F,11/07/2007,19961.2,5853.977,11965.4,2141.8
67890123456,99984,F,11/07/2007,31181.6,7492.534,19151.8,4537.28
67890123456,99985,F,11/07/2007,5131.81,3032.764,1899.588,199.457
67890123456,99986,F,11/07/2007,25059,7303.187,14420.4,3335.36
67890123456,99987,F,11/07/2007,20913,9663.924,8857.531,2391.53
67890123456,99988,F,11/07/2007,19840.3,6473.120,11098.4,2268.8
67890123456,99989,F,11/07/2007,33253.5,9147.599,20902.9,3203.01
67890123456,99990,F,11/07/2007,11442.1,2445.653,8141.549,854.863
67890123456,99991,F,11/07/2007,20521.8,10094.538,8210.418,2216.81
67890123456,99992,F,11/07/2007,7570.27,4133.430,2706.177,730.668
67890123456,99993,F,11/07/2007,18365.3,915.531,14276.1,3173.63
67890123456,99994,F,11/07/2007,15298.4,4578.549,9701.187,1018.62
67890123456,99995,F,11/07/2007,23036.7,1835.377,17969.7,3231.59
67890123456,99996,F,11/07/2007,12343.6,2036.842,8517.950,1788.77
67890123456,99997,F,11/07/2007,7073.26,1170.676,4878.167,1024.42
67890123456,99998,F,11/07/2007,6587.2,3735.933,2356.420,494.848
67890123456,99999,F,11/07/2007,42411.1,8989.733,27624.5,5796.89
67890123456,00001,F,11/07/2007,6183.79,5442.750,670.622,70.4153
67890123456,00002,F,11/07/2007,26722.6,9104.202,15257.8,2360.59
67890123456,00003,F,11/07/2007,16844.1,6007.434,9806.951,1029.73
67890123456,00004,F,11/07/2007,29925.6,9528.166,17153.1,3244.35
67890123456,00005,F,11/07/2007,10623.6,9681.143,852.874,89.5518
67890123456,00006,F,11/07/2007,6439.37,4712.365,1359.847,367.159
67890123456,00007,F,11/07/2007,26686.7,6676.318,16780.7,3229.61
67890123456,00008,F,11/07/2007,5603.11,2873.88,2255.562,473.668
