01234567890,Alberto Gonzales,F,00001,05-08-2003,4559.465,27,1231.055,4063.286,9853.806
01234567890,Alberto Gonzales,F,00002,05-08-2003,4135.317,27,1116.535,4215.701,9467.553
01234567890,Alberto Gonzales,F,00003,05-08-2003,4927.877,21,1034.854,7483.901,27,2020.653,10177.112,21,2137.193,2835.681,30617.271
01234567890,Alberto Gonzales,F,00004,05-08-2003,8295.744,27,2239.850,9133.775,19669.369
01234567890,Alberto Gonzales,F,00005,05-08-2003,8601.766,10.5,903.185,8363.785,21,1756.394,6402.253,10.5,672.236,5460.85,32160.469
01234567890,Alberto Gonzales,F,00006,05-08-2003,8722.695,10.5,915.882,1338.926,10977.503
01234567890,Alberto Gonzales,F,00007,05-08-2003,7623.746,27,2058.411,4113.767,13795.924
01234567890,Alberto Gonzales,F,00008,05-08-2003,9027.974,21,1895.874,8611.621,19535.469
01234567890,Alberto Gonzales,D,00009,05-08-2003,9271.208,10.5,973.476,3372.727,10.5,354.136,6991.906,21,1468.300,3310.871,25742.624
01234567890,Alberto Gonzales,F,00010,05-08-2003,7941.219,21,1667.655,8370.284,17979.158
01234567890,Alberto Gonzales,F,00011,05-08-2003,2783.180,21,584.467,7231.264,21,1518.565,8049.576,21,1690.410,5472.138,27329.600
01234567890,Alberto Gonzales,F,00012,05-08-2003,3143.742,21,660.185,6325.93,27,1708.001,967.415,10.5,101.578,3917.332,16824.183
01234567890,Alberto Gonzales,D,00013,05-08-2003,7513.903,21,1577.919,10058.90,21,2112.369,1476.173,10.5,154.998,2133.350,25027.612
01234567890,Alberto Gonzales,F,00014,05-08-2003,8231.982,27,2222.635,8719.747,19174.364
01234567890,Alberto Gonzales,F,00015,05-08-2003,8943.406,10.5,939.057,9346.175,19228.638
01234567890,Alberto Gonzales,F,00016,05-08-2003,6736.212,27,1818.777,8003.90,16558.889
01234567890,Alberto Gonzales,F,00017,05-08-2003,2891.539,10.5,303.611,9423.443,12618.593
01234567890,Alberto Gonzales,F,00018,05-08-2003,1873.618,27,505.876,2064.534,21,433.552,8256.268,27,2229.192,8108.77,23471.810
01234567890,Alberto Gonzales,F,00019,05-08-2003,6120.468,27,1652.526,6585.498,27,1778.084,2364.622,27,638.447,4627.778,23767.423
01234567890,Alberto Gonzales,F,00020,05-08-2003,9827.385,10.5,1031.875,8196.532,10.5,860.635,4985.851,27,1346.179,3765.453,30013.910
01234567890,Alberto Gonzales,F,00021,05-08-2003,6610.227,21,1388.147,2570.116,10568.490
01234567890,Alberto Gonzales,C,00022,05-08-2003,2897.472,10.5,304.234,6948.305,10150.011
01234567890,Alberto Gonzales,F,00023,05-08-2003,1197.519,10.5,125.739,7230.363,8553.621
01234567890,Alberto Gonzales,F,00024,05-08-2003,2638.911,10.5,277.085,2291.734,5207.730
01234567890,Alberto Gonzales,F,00025,05-08-2003,4818.788,27,1301.072,8121.768,10.5,852.785,707.449,21,148.564,1571.161,17521.587
01234567890,Alberto Gonzales,F,00026,05-08-2003,1489.716,27,402.223,1839.162,3731.101
01234567890,Alberto Gonzales,C,00027,05-08-2003,10006.232,21,2101.308,10399.435,27,2807.847,3174.682,21,666.683,2327.902,31484.089
01234567890,Alberto Gonzales,F,00028,05-08-2003,9468.6,10.5,994.203,1157.565,11620.368
01234567890,Alberto Gonzales,F,00029,05-08-2003,3993.62,21,838.660,1201.933,27,324.521,6756.347,27,1824.213,9271.944,24211.238
01234567890,Alberto Gonzales,F,00030,05-08-2003,4581.686,27,1237.055,7120.604,21,1495.326,9081.68,27,2452.053,5663.468,31631.872
01234567890,Alberto Gonzales,F,00031,05-09-2003,4581.686,27,1237.055,7120.604,21,1495.326,9081.68,27,2452.053,5663.468,31631.872
01234567890,Alberto Gonzales,F,00032,05-10-2003,4581.686,27,1237.055,7120.604,21,1495.326,9081.68,27,2452.053,5663.468,31631.872
01234567890,Alberto Gonzales,W,00033,05-08-2003,3993.62,21,838.660,1201.933,27,324.521,6756.347,27,1824.213,9271.944,24211.238
