45678901234,Ignacio Rodriguez,F,00001,05-08-2004,5375.389,10.5,564.415,5896.430,10.5,619.125,9986.2,21,2097.102,3890.564,28429.225
45678901234,Ignacio Rodriguez,F,00002,05-08-2004,3281.942,27,886.124,2149.10,10.5,225.655,533.944,21,112.128,9303.850,16492.743
45678901234,Ignacio Rodriguez,F,00003,05-08-2004,9068.30,27,2448.441,3699.538,15216.279
45678901234,Ignacio Rodriguez,F,00004,05-08-2004,10434.436,27,2817.297,3580.503,10.5,375.952,6021.49,10.5,632.256,2643.756,26505.690
45678901234,Ignacio Rodriguez,D,00005,05-08-2004,8138.389,27,2197.365,3068.333,27,828.449,6950.98,21,1459.705,8223.529,30866.750
45678901234,Ignacio Rodriguez,F,00006,05-08-2004,753.723,21,158.281,4985.251,27,1346.017,3629.248,10.5,381.071,4246.887,15500.478
45678901234,Ignacio Rodriguez,F,00007,05-08-2004,746.158,10.5,78.346,7014.190,7838.694
45678901234,Ignacio Rodriguez,F,00008,05-08-2004,2926.644,21,614.595,2617.695,27,706.777,3498.568,27,944.613,2426.97,13735.862
45678901234,Ignacio Rodriguez,F,00009,05-08-2004,1178.206,27,318.115,8836.941,10333.262
45678901234,Ignacio Rodriguez,F,00010,05-08-2004,10460.776,10.5,1098.381,9290.127,10.5,975.463,7201.210,21,1512.254,6577.650,37115.861
45678901234,Ignacio Rodriguez,F,00011,05-08-2004,5102.21,10.5,535.732,10298.475,10.5,1081.339,2503.730,21,525.783,587.362,20634.631
45678901234,Ignacio Rodriguez,D,00012,05-08-2004,4363.828,27,1178.233,8914.69,14456.751
45678901234,Ignacio Rodriguez,F,00013,05-08-2004,6576.61,27,1775.684,7007.612,27,1892.055,2070.627,21,434.831,10431.346,30188.765
45678901234,Ignacio Rodriguez,F,00014,05-08-2004,3184.951,10.5,334.419,4316.161,7835.531
45678901234,Ignacio Rodriguez,F,00015,05-08-2004,2529.990,21,531.297,7451.429,21,1564.800,3171.100,21,665.931,9955.149,25869.696
45678901234,Ignacio Rodriguez,F,00016,05-08-2004,3533.559,21,742.047,9777.142,14052.748
45678901234,Ignacio Rodriguez,F,00017,05-08-2004,4282.840,10.5,449.698,10076.342,21,2116.031,5829.722,27,1574.024,6423.619,30752.276
45678901234,Ignacio Rodriguez,D,00018,05-08-2004,7766.743,10.5,815.508,3157.74,21,663.125,8625.210,27,2328.806,4569.616,27926.748
45678901234,Ignacio Rodriguez,F,00019,05-08-2004,1091.812,21,229.280,9618.502,10939.594
45678901234,Ignacio Rodriguez,F,00020,05-08-2004,9223.455,27,2490.332,668.969,12382.756
45678901234,Ignacio Rodriguez,F,00021,05-08-2004,3788.432,27,1022.876,9863.960,14675.268
45678901234,Ignacio Rodriguez,F,00022,05-08-2004,8440.140,27,2278.837,5706.760,16425.737
45678901234,Ignacio Rodriguez,F,00023,05-08-2004,10470.700,21,2198.847,746.696,13416.243
45678901234,Ignacio Rodriguez,F,00024,05-08-2004,9836.780,21,2065.723,8920.23,20822.733
45678901234,Ignacio Rodriguez,F,00025,05-08-2004,7666.197,10.5,804.950,1842.265,10313.412
45678901234,Ignacio Rodriguez,F,00026,05-08-2004,7330.131,21,1539.327,7904.52,16773.978
45678901234,Ignacio Rodriguez,F,00027,05-08-2004,4612.532,27,1245.383,3011.423,8869.338
45678901234,Ignacio Rodriguez,F,00028,05-08-2004,5811.398,21,1220.393,8077.427,15109.218
45678901234,Ignacio Rodriguez,F,00029,05-08-2004,9732.560,27,2627.791,3054.207,27,824.635,8033.151,27,2168.950,7067.606,33508.900
45678901234,Ignacio Rodriguez,F,00030,05-08-2004,2304.571,27,622.234,9273.518,12200.323
