78901234567,Guillermo Cardozo,F,00001,01-09-2007,6223.509,21,1306.936,6001.818,13532.263
78901234567,Guillermo Cardozo,F,00002,01-09-2007,8910.503,10.5,935.602,8941.623,18787.728
78901234567,Guillermo Cardozo,F,00003,01-09-2007,8499.130,10.5,892.408,971.776,10363.314
78901234567,Guillermo Cardozo,F,00004,01-09-2007,4901.12,27,1323.302,8616.58,27,2326.476,5149.510,21,1081.397,8233.12,31631.505
78901234567,Guillermo Cardozo,F,00005,01-09-2007,1582.872,27,427.375,6082.536,10.5,638.666,8527.31,21,1790.735,5206.126,24255.620
78901234567,Guillermo Cardozo,F,00006,01-09-2007,8393.722,27,2266.304,6364.829,17024.855
78901234567,Guillermo Cardozo,C,00007,01-09-2007,7153.653,21,1502.267,4438.162,13094.082
78901234567,Guillermo Cardozo,F,00008,01-09-2007,8357.245,10.5,877.510,1897.418,11132.173
78901234567,Guillermo Cardozo,F,00009,01-09-2007,679.433,21,142.680,5491.574,6313.687
78901234567,Guillermo Cardozo,F,00010,01-09-2007,6353.178,27,1715.358,2552.138,10620.674
78901234567,Guillermo Cardozo,F,00011,01-09-2007,4883.562,10.5,512.774,7886.976,13283.312
78901234567,Guillermo Cardozo,F,00012,01-09-2007,7348.428,21,1543.169,7118.905,16010.502
78901234567,Guillermo Cardozo,D,00013,01-09-2007,3366.86,27,909.052,3111.778,7387.690
78901234567,Guillermo Cardozo,F,00014,01-09-2007,5150.255,21,1081.553,2752.413,27,743.151,7699.629,27,2078.899,862.996,20368.896
78901234567,Guillermo Cardozo,F,00015,01-09-2007,1152.232,21,241.968,8884.767,10278.967
78901234567,Guillermo Cardozo,F,00016,01-09-2007,10186.340,27,2750.311,6409.436,19346.087
78901234567,Guillermo Cardozo,F,00017,01-09-2007,4118.73,21,864.933,5268.639,27,1422.532,8906.12,27,2404.652,2923.54,25909.146
78901234567,Guillermo Cardozo,F,00018,01-09-2007,8639.278,10.5,907.124,5508.98,15055.382
78901234567,Guillermo Cardozo,F,00019,01-09-2007,3011.892,21,632.497,4254.739,7899.128
78901234567,Guillermo Cardozo,D,00020,01-09-2007,4723.580,21,991.951,6053.236,11768.767
78901234567,Guillermo Cardozo,F,00021,01-09-2007,1416.758,27,382.524,3610.218,27,974.758,3290.629,27,888.469,1457.552,12020.908
78901234567,Guillermo Cardozo,F,00022,01-09-2007,8313.858,21,1745.910,1192.832,10.5,125.247,902.319,27,243.626,7083.487,19607.279
78901234567,Guillermo Cardozo,F,00023,01-09-2007,9022.827,21,1894.793,6589.859,10.5,691.935,5389.359,21,1131.765,4336.273,29056.811
78901234567,Guillermo Cardozo,F,00024,01-09-2007,7535.656,10.5,791.243,4186.985,10.5,439.633,6032.434,21,1266.811,4938.123,25190.885
78901234567,Guillermo Cardozo,F,00025,01-09-2007,3276.603,21,688.086,4476.7,8441.389
78901234567,Guillermo Cardozo,C,00026,01-09-2007,6074.807,10.5,637.854,1832.624,27,494.808,7804.344,21,1638.912,6422.61,24905.959
78901234567,Guillermo Cardozo,F,00027,01-09-2007,5010.160,10.5,526.066,4318.332,27,1165.949,3770.484,21,791.801,10110.705,25693.497
78901234567,Guillermo Cardozo,F,00028,01-09-2007,4442.59,10.5,466.471,8617.758,21,1809.729,9585.231,27,2588.012,6509.391,34019.182
78901234567,Guillermo Cardozo,F,00029,01-09-2007,3213.769,27,867.717,2215.526,27,598.192,6300.331,27,1701.089,4965.701,19862.325
78901234567,Guillermo Cardozo,F,00030,01-09-2007,996.643,27,269.093,7724.237,8989.973
